bypass = false
mono = false
rate = 0.25000
frac = 2.00000
denom = 4.00000
tempo = 120.00000
sync = true
time = 1
xfade = 0.00000
xtype = 1
type = 1
period = 0
atype = 0
aperiod = 0
iphase = 0.00000
dphase = 90.00000
reset = false
ms = false
dmin = 0.10000
depth = 3.00000
sphase = false
ovs = 0
fb_on = false
fgain = -6.00 db
fdrive = -inf db
fdelay = 0.00000
fphase = false
g_in = 0.00 db
dry = 0.00 db
wet = -6.00 db
drywet = 100.00000
g_out = 0.00 db
