bypass = false
mono = false
rate = 0.10000
frac = 1.00000
denom = 4.00000
tempo = 120.00000
sync = false
time = 0
xfade = 11.08742
xtype = 1
type = 0
period = 2
atype = 0
aperiod = 1
iphase = 0.00000
dphase = 0.00000
reset = false
ms = false
dmin = 0.10000
depth = 3.00000
sphase = false
ovs = 0
fb_on = true
fgain = -6.00 db
fdrive = -22.54 db
fdelay = 0.00000
fphase = false
g_in = 0.00 db
dry = 0.00 db
wet = -6.00 db
drywet = 100.00000
g_out = 0.00 db
