bypass = false
mono = false
rate = 0.10000
frac = 1.00000
denom = 4.00000
tempo = 120.00000
sync = false
time = 0
xfade = 0.00000
xtype = 1
type = 2
period = 0
atype = 3
aperiod = 0
iphase = 0.00000
dphase = 90.00000
reset = false
ms = false
dmin = 1.00000
depth = 20.00000
sphase = false
ovs = 0
fb_on = true
fgain = -9.00 db
fdrive = -5.38 db
fdelay = 0.50000
fphase = false
g_in = 0.00 db
dry = 0.00 db
wet = -6.00 db
drywet = 100.00000
g_out = 0.00 db
